$ANSIBLE_VAULT;1.1;AES256
31323033663937643765396336333235623631633066323931393937353837383465666432633864
3062643933633766366237656261663666393861633835310a393166643762363164346235303462
33623165663635633736633639653133396434626361353731383934633066376363656533336262
3033643535383964330a643966303931333135343164656562653638303733373338356662653435
65346233633035386563366361366434666533376261333036306432663631663961343761343364
37326366396239313563666166663633326237316164346439376361393162643461343065363961
30643933643231636463626131306333363862353733616566336363376236313038393164643864
39393234646665666137393530353630373837646439366433346564353532373530643965356237
64346230393636396139646365383133633362326632303366373032323438313465623439643234
62376439653730353939613362663230333335346163626630336365333736663930633039343736
31613530633337633466396231623564343639303035613633373566366336623264373664386235
37303564653534306263626531376432663366313634383136383738373235613933383162613932
33616464336265343361653330343966366433336533356532363134646536356432383666313136
35613339656465336537613237623763383931333633346662333266613237326438666434383362
30653263666236323130366261303132323436343636666231386339323538636365353139623638
38336638323666393138653735303936303463623830343235343536333136396236623633313263
38323961333862323134326331666464653035363736646134623431666437653663383631353166
32643265333161353833303364313531346437323461326630663437653366343964366661346534
62393663633065336436316464616139393530346263333063613234643462346631613232646435
39303631313637353335343639623564393836333632636236333330653863613633633864326339
62633037383735356335616261333936306164626331306438393265336234616630643064303932
36393964656336393936366466316566633166333039396439633235393165646636353865343063
35646264353230306232323231386530623363666531663237383230343335643034363164303137
64393130613563363362393964376331343433663831343135333935636233633436383166613831
61333063343465663465313164633830343938373432343166656439663863393165356465626131
38363261343235633462323365343339363364353636353061613733343565383565616537613134
38316262356132386162663766306365663563316235323162316262353030326336303230376163
38323934333865646233343261353939346166633865306633623661656634343834363061393766
34623934353832306238373536333230376663643661363536663130663234633963386632363533
31663737323938333232383464346238323130633862393635343764343234356136623862393765
30383932616264313732613831386139326330303630376237643035316536623039666430656530
62376636616261353135356538656565303664333461303134313536366266336130393134633665
33626539336532623335646466646634616333666563373066393765656566373864613230363134
64383737333961303334613331393465353265623261346639313535613731623139366631303630
63313861653262623862313030303037373165636438663939363034383366393465646638323663
65386666663661366135353435353537376562383261386663373730346438336639386339353031
31313338623636386466663933396161393133343437353163326266323138343662643338323862
63663633306539616435663066633930323133666439363563383935356538653464333133343534
36343461343763613362363235643762346265663433643431393833393562666166346231363162
61643039356232636661333236623032316666313130636630656537626431356563613135366465
61363064303966303135393165376634313534663731373534376561303533316662666366363439
30623438313136613539346163383365343962353632613337373161636538393530316162663539
36316262396536333839643034663331356266653062356666656463653733393132643239666337
36353333643232356163333465353061306562616435616636623733616566353666633634343438
63343536363032623361306566356165313861663164623137373664353065636461626536623264
62336663386533326464663932336134656639326261363639363934666535336565663736323734
38653039313533323231653364613562656235623833643462656562363666303931366339383332
30373639373364373065326666653735356632313830303365366461623364333263663631343535
33646165313361356230623634356136646438396630353662363434343063363163333263313135
31653430343066363731663562353665356437373936363661626232633434636161383132363865
30396165376635306636333464626362396230333739386338363834613438613830663730623030
63323434363034653861613432633732396366363232303934393461646637613362386561383334
36356365653433623235666665316439376238343135363061373863386135636462353830323034
30633262373637323634376231616562346337373939383031323864346465343335396261383635
61376635646139656131353639323438376562323238316537313631356262633439303630306130
31326634643132313538373937326630313936623539353738346131366531613236386561306439
38386439356232313730306665376464333935636361656437656334363865363533636235363361
33393539643865336262666637396632343066383961623433633833653462366230636663386662
38376432346436306337663632616162373231363433653663366663623435383734303336363832
35333030636663663038653466336362383932613937623636393032666364313865393261346332
30633436636566306530336432303432353233333131336364373332333237353135653836346332
35393161376431373762663565343865663737646330303330623134346664323061396535663561
38393263306162323438393335626261386666343365386139306231363161663264323135396231
34613762346364316434323239396463376635316536323734636562326533336530313063303537
30336238306261366335633436336636383934613632663033363230333663623964616364303265
31363637363333393935326535653166646266623639356334303562653162363635623461663166
37373835656533386365613035383762323538313034356533613934643062343534323535656266
31623431386236666338376364643132336261663065373230333231383162393734653163333764
65383231663861303434626630333663353265323363633438353465393733323537323639623439
34323361656433356438353464313263363964666239303735356239326633333666346439313163
33313838396266316236306339356666396463336432326663666436316433336164366437323661
66393330346535363066646131353639396463313262313431633465313438313537636438653431
37656163373930303134623263313166663563393862626565616439303333376533303436643362
36626563343938303833323435363538333032313436663464623462396634636461326464363564
39303562366634376163613137663364653162346564333238646638353965363339326161383136
30643537313338336161613134626362633161343031363033326638396631333261323633633736
38363562323838366431363836333565363761613336353232356635326564633234346666303266
33313636373538363164623433303366326133366230663931393738316431653961613262323630
39336562303962386361383332353637393532613038386431323337663234393266343130663735
31376336653665333338366138383266626338663934323761383363643561653339623961663064
39323262313738363936363362386634366338653031313861353237383134373966353764303733
33313332343062613039316566336466623035653361663439646633656239626366333365323064
35653664393965333437356339373266343865326139333032616334336266633231336366313236
32656131663765623431633633343834353639336133636239393364616264323337306163636565
39346430313230383036333162636665613466363931356234356630666232353131656633316531
38363830656633313038313336653634326139366139343031613062343864313934303939313238
35323833313939623038623764616662636366343336343965613930346634383736323432363730
66616166646135343934336431633562346135346532383238386466616565373239643664656366
63303265396561313330313465303135616232313032333435316637376561653535646435666261
35653638663739343038666162336365306435666661336233363563623136376236353063396163
32656163303533333438313534643035373066356532616239346638643835346437323235353931
30393731616133313962353735636232643637396633316436343735303766386539356361636438
35353533333465623663643165306136633066666166316562366539616161336432643462303633
38643563346265323666663636616333303039656434663761396136643036623032333431396264
34323766353561323731613061383633386564343436653734363737623265323634336365383635
66373035656135346461633139386535383439343235353864323938383163313366633130363763
34303235333532633362333065343265323863363565363362316561646435393238643231383239
31313964313630663063333938656331303337633630323639316330626562663163633338313861
64336363313930616433303661346231353161333337646435656239303939666637346233386434
63663130663533643432386263383932393339393730303563666333326666393730656466666434
30373962386363353465353531353064623834343762663230326636633132663236343533656461
32333435363139663036643762653961386438336537333537653435313432336236333563343661
62336165376637666562393530373362636663643462313039353137383663323266363535353431
35623435376363363963666563383935336439356564316136326439653538346639373739656163
34303962383266373637366263396638613636306466633732373434666232623437396264383965
64306438663866396565316533666333303930626536343261326435343638323530643930396537
38623335393139383634376235666434666439306338613831633136363562306565643833396237
66356132623465316230626637356537623762393061303139643334373662363565373732366566
66393632666166313231396539353666666332633265353262613862386166373034313237363266
66353834333163363938646433633764346361353461393631323131386465633732333763356561
38333738333838303930663031323834653738356133396661633933636430366363356261656434
37623631653066616131343336313962623436633936386231326563303135663433323665353539
63303165336336646430303261653663613663623437363866316630323639636436303134316562
34356531363839343730613263626538333435323838393936373130333439363366393331343661
32653332373339303062643236373232666564386437323866393862336435343830346533363337
61373166653035646132666263333338393963353333656339653033633064326138383932396435
65633961323939613165343866653463336261636230386635386562366661373237656663393936
35313331613133366636346131323838333463346231636161663636633737326330363731623862
66386633616461643538363365626238643166663237353934613238356134326365623166383361
38343565663633353564303430323661643131303165326165323164623962653236343564373639
36343738633634646331643261653266323063396533336539386430323336383136636235323834
31303663396635643936393962626439663439663364626438623561383937396635323433353530
64393938316163346435303936386639653863666632653562303066643831396631393533376530
33663430663431333037326633626232643265326364306635356332343266613431363938343363
30643438626530393733303938333032343463636331353135316535616666643334396162633031
37383364616130356465383562303966346136383935343964666563666166316630363965373538
39396332633961396462626564393734326539383431313437376637663331336465626562346135
30646165323762663335383334333962666333303235353335356431313335356563663838626237
31616534306335623965313933626631316130306532336163353437636334666662623861666332
65333639343962316137363366656338383664323731373337366464346433333666653836643532
30303461366330626265656136666134633762656336643362343839306632616337396136386161
61336162373363636633323664396531373564313731326239303961353465633034623730336631
65313966356430626331363134646138346463303938303361356635616265393565
